canton={
	location=1371
	outgoing={
		name="philippines"
		path={
			1394 1395 1397 
		}
		control={
			4469.000000 339.000000 4569.000000 214.000000 4631.000000 149.000000 
		}
	}
	outgoing={
		name="gulf_of_siam"
		path={
			1370 2373 3980 1351 1353 2383 1358 632 631 3967 1365 
		}
		control={
			4322.000000 339.000000 4270.000000 218.000000 4065.000000 182.000000 3949.000000 161.000000 
		}
	}
	outgoing={
		name="chengdu"
		path={
			668 2626 2611 2163 4131 3954 4130 674 4199 2168 3350 679 
		}
		control={
			4289.000000 424.000000 4226.000000 528.000000 4161.000000 600.000000 
		}
	}
	outgoing={
		name="nippon"
		path={
			1372 1373 1389 1376 1388 
		}
		control={
			4447.000000 417.000000 4560.000000 515.000000 4730.000000 589.000000 4829.000000 704.000000 4861.000000 778.000000 4951.000000 850.000000 
		}
	}
	outgoing={
		name="beijing"
		path={
			1372 1373 3371 690 
		}
		control={
			4388.000000 446.000000 4437.000000 540.000000 4497.000000 649.000000 4522.000000 747.000000 4503.000000 804.000000 
		}
	}
	members={
		594 595 635 665 666 667 668 669 670 671 683 684 738 1040 1044 1434 1824 1829 1833 1840 2131 2135 2146 2147 2148 2149 2150 2151 2152 2153 2154 2155 2156 2157 2158 2159 2160 2161 2162 2163 2164 2173 2174 2393 2519 2610 2611 2626 2627 2630 2632 2637 2646 2674 2709 2740 2781 3189 3785 3939 3940 3941 3942 3946 3951 3987 3995 4033 4036 4044 4047 4052 4054 4056 4111 4112 4114 4118 4133 4151 4184 4206 4207 4208 4209 1371 
	}
}
comorin_cape={
	location=1340
	color={
		13 255 179 
	}
	outgoing={
		name="gulf_of_siam"
		path={
			1614 1613 1349 1347 2404 1365 
		}
		control={
			3115.000000 33.000000 3171.000000 42.000000 3200.000000 76.000000 3255.000000 105.000000 3370.000000 95.000000 3569.000000 85.000000 3746.000000 45.000000 3868.000000 56.000000 
		}
	}
	outgoing={
		name="deccan"
		path={
			535 538 533 4053 620 4046 4045 3561 532 3213 1948 
		}
		control={
			3099.000000 74.000000 3131.469971 131.649994 3105.000000 209.000000 
		}
	}
	outgoing={
		name="ethiopia"
		path={
			1616 1451 1446 2024 2656 2792 1209 2793 1330 2765 2767 1524 2771 2772 
		}
		control={
			3028.000000 34.000000 2778.000000 83.000000 2508.000000 27.000000 2242.000000 44.000000 2085.000000 45.000000 1997.489990 61.369999 1929.000000 85.000000 1853.000000 66.000000 
		}
	}
	members={
		530 531 532 533 534 535 536 537 538 539 540 541 543 569 596 597 598 618 619 620 621 622 623 625 1946 1947 1949 2026 2027 2029 2030 2031 2032 2033 2035 2083 2085 2090 2099 2100 2101 3545 3546 3547 3549 3550 3551 3552 3553 3554 3555 3556 3557 3558 3559 3560 3561 3562 3563 3564 3565 3566 3568 3573 4043 4045 4046 4053 4057 4149 1340 
	}
}
korean_sea={
	location=1374
	outgoing={
		name="nippon"
		path={
			3367 4121 2694 1376 1388 
		}
		control={
			4766.000000 899.000000 4902.000000 924.000000 
		}
	}
	outgoing={
		name="beijing"
		path={
			2613 4120 2612 690 
		}
		control={
			4636.000000 851.000000 4581.000000 847.000000 
		}
	}
	outgoing={
		name="girin"
		path={
			3368 3005 4122 732 4124 1378 4125 2106 3023 3800 731 
		}
		control={
			4692.000000 881.000000 4760.000000 973.000000 4853.000000 1040.000000 4922.000000 1118.000000 
		}
	}
	members={
		732 733 734 735 736 737 1013 1845 2694 2741 2742 2743 2744 2745 3005 3006 3007 3008 3364 3365 3366 3367 3368 3369 4121 4122 4123 4124 1374 
	}
}
girin={
	location=731
	color={
		41 82 45 
	}
	outgoing={
		name="english_channel"
		path={
			4076 1094 3353 1379 3033 1385 1479 1287 2569 3516 2567 1284 
		}
		control={
			4937.000000 1248.000000 5037.000000 1281.000000 5088.000000 1347.000000 5205.000000 1402.000000 5351.000000 1439.000000 197.000000 1482.000000 360.000000 1517.000000 
		}
	}
	outgoing={
		name="nippon"
		path={
			3800 3023 2106 2360 1378 1377 1388 
		}
		control={
			4965.000000 1207.000000 4998.000000 1125.000000 4975.000000 997.000000 
		}
	}
	outgoing={
		name="beijing"
		path={
			4127 3028 3044 2109 3047 3045 3789 3013 3370 2139 2394 690 
		}
		control={
			4805.000000 1156.000000 4765.000000 1078.000000 4668.000000 1043.000000 4522.000000 951.000000 4480.000000 885.000000 
		}
	}
	outgoing={
		name="mongolia"
		path={
			4127 3042 3027 4015 2187 3058 3060 723 3804 478 2116 
		}
		control={
			4826.000000 1231.000000 4712.000000 1233.000000 4598.000000 1206.000000 4412.000000 1220.000000 
		}
	}
	members={
		701 704 722 726 727 728 729 730 731 1033 1049 1050 1053 1799 1850 2104 2105 2106 2107 2108 2109 2110 2111 2112 2113 2186 2187 2188 2355 2360 2541 3009 3010 3011 3012 3013 3014 3015 3016 3017 3018 3019 3020 3021 3022 3023 3024 3025 3026 3027 3028 3029 3030 3031 3032 3033 3034 3035 3036 3037 3038 3039 3040 3041 3042 3043 3044 3045 3046 3047 3048 3049 3050 3051 3052 3054 3058 3069 3076 3096 3097 3098 3099 3100 3337 3338 3339 3340 3351 3352 3353 3354 3789 3790 3791 3792 3793 3795 3796 3797 3798 3800 3801 3802 3809 3810 3811 3812 3983 4015 4017 4019 4026 4074 4075 4076 4101 4125 4126 4127 
	}
}
mongolia={
	location=2116
	outgoing={
		name="yumen"
		path={
			1052 3540 2102 719 3095 3814 2191 4032 3087 707 
		}
		control={
			4296.000000 1134.000000 4187.000000 1128.000000 4059.000000 1096.000000 3944.000000 1070.000000 3799.000000 1054.000000 
		}
	}
	outgoing={
		name="xian"
		path={
			1052 3540 2432 3993 2647 4008 4102 1497 700 
		}
		control={
			4318.000000 1028.000000 4204.000000 999.000000 4119.000000 956.000000 4139.000000 875.000000 4181.000000 834.000000 
		}
	}
	members={
		478 697 702 703 709 717 719 720 721 723 724 725 1043 1046 1047 1048 1051 1052 1054 1058 1059 1061 1067 1069 1076 1742 1790 2102 2103 2114 2115 2116 2129 2357 2427 2428 2429 2432 2435 2438 2442 2553 2729 2736 2747 2795 3053 3055 3056 3057 3059 3060 3062 3063 3064 3065 3074 3075 3081 3085 3093 3095 3355 3356 3358 3360 3803 3804 3806 3807 3808 3813 3814 3822 3823 3824 3828 3985 4048 4050 4072 4073 4138 
	}
}
gulf_of_siam={
	location=1365
	color={
		84 152 93 
	}
	outgoing={
		name="philippines"
		path={
			3963 640 3966 606 1366 1367 1395 1397 
		}
		control={
			3996.000000 102.000000 4090.000000 75.000000 4258.000000 62.000000 4474.000000 113.000000 4563.000000 110.000000 
		}
	}
	outgoing={
		name="burma"
		path={
			592 3972 2403 2683 3981 2696 3534 3532 584 
		}
		control={
			3864.000000 143.000000 3817.000000 226.000000 3791.000000 277.000000 3750.000000 320.000000 
		}
	}
	members={
		589 591 592 593 600 601 602 603 604 605 606 607 608 609 610 611 612 613 614 615 616 626 627 629 630 631 632 633 634 638 639 640 641 642 643 645 647 648 649 650 1016 1022 1100 1101 1245 1351 1352 1353 1354 1355 1356 1357 1358 1360 1361 1400 1401 1405 1407 1409 1410 1448 1450 1463 1585 1586 1597 1617 1618 1620 1621 1623 1624 1650 1651 1789 1817 1823 1844 1998 2371 2372 2373 2374 2375 2376 2377 2378 2379 2380 2381 2382 2383 2384 2385 2386 2387 2388 2389 2390 2391 2392 2404 2676 2677 2680 2681 2682 2684 2685 2687 2690 2692 2693 2695 3938 3943 3947 3956 3957 3958 3959 3960 3961 3962 3963 3964 3965 3966 3967 3969 3970 3971 3972 3973 3974 3975 3976 3977 3978 3979 4108 1365 
	}
}
philippines={
	location=1397
	outgoing={
		name="sevilla"
		path={
			3495 1436 1438 1471 1472 1293 
		}
		control={
			4715.000000 194.000000 4898.000000 267.000000 5253.000000 452.000000 85.000000 635.000000 196.000000 759.000000 
		}
	}
	outgoing={
		name="ivory_coast"
		path={
			1402 1435 1673 1468 
		}
		control={
			4811.000000 48.000000 5140.000000 212.000000 5302.000000 84.000000 
		}
	}
	outgoing={
		name="nippon"
		path={
			3495 1396 1437 1391 1019 1830 1388 
		}
		control={
			4715.000000 194.000000 4713.000000 345.000000 5012.000000 540.000000 5076.000000 752.000000 5024.000000 804.000000 5010.000000 819.000000 
		}
	}
	members={
		653 654 655 656 657 658 2697 2698 2699 2700 2702 3485 3486 3487 3488 3489 3490 3492 3493 1397 
	}
}
burma={
	location=584
	color={
		35 229 76 
	}
	inland=yes
	outgoing={
		name="chengdu"
		path={
			2723 2722 3931 583 4204 4183 4180 4132 675 2748 1477 3989 679 
		}
		control={
			3768.000000 406.000000 3808.000000 437.000000 3853.000000 468.000000 3907.000000 520.000000 4021.000000 550.000000 
		}
	}
	outgoing={
		name="ganges_delta"
		path={
			2399 3538 568 1343 
		}
		control={
			3709.000000 425.000000 3669.000000 478.000000 3587.000000 450.000000 3553.000000 398.000000 
		}
	}
	members={
		574 580 581 582 584 585 586 587 588 590 628 660 1815 2041 2071 2132 2395 2396 2397 2398 2399 2400 2401 2403 2678 2679 2683 2696 2704 2705 2706 2707 2708 2710 2711 2712 2713 2714 2715 2716 2717 2718 2719 2721 2723 2724 2725 3197 3201 3269 3530 3531 3532 3533 3534 3535 3536 3541 3542 3543 3657 3932 3933 3934 3935 3936 3937 4162 
	}
}
chengdu={
	location=679
	inland=yes
	outgoing={
		name="xian"
		path={
			1163 1207 3348 1363 4011 700 
		}
		control={
			4075.000000 701.000000 4157.000000 733.000000 
		}
	}
	members={
		583 636 644 661 662 663 664 672 673 674 675 679 680 823 1119 1139 1141 1218 1248 1350 1404 1477 1674 2165 2166 2167 2168 2545 2644 2748 2782 3336 3349 3350 3928 3931 3948 3953 3954 3955 3982 3989 3990 3994 4106 4107 4109 4110 4117 4128 4129 4130 4131 4132 4157 4160 4169 4171 4172 4175 4176 4179 4180 4183 4187 4188 4191 4192 4195 4196 4199 4200 4203 4204 4205 4210 
	}
}
ivory_coast={
	location=1468
	outgoing={
		name="katsina"
		path={
			1118 2251 745 831 832 834 1155 1149 
		}
		control={
			111.000000 103.000000 258.000000 140.000000 388.839996 130.410004 530.000000 101.000000 715.000000 91.000000 
		}
	}
	outgoing={
		name="timbuktu"
		path={
			2857 2251 1125 2847 4234 2253 4237 1660 1661 2834 1132 
		}
		control={
			80.000000 105.000000 173.000000 163.000000 258.000000 208.000000 294.000000 287.000000 428.000000 272.000000 
		}
	}
	outgoing={
		name="safi"
		path={
			1469 1470 2887 2886 1912 2920 1110 
		}
		control={
			74.000000 128.000000 45.000000 215.000000 72.000000 279.000000 69.000000 355.000000 52.000000 426.000000 101.000000 486.000000 177.000000 582.000000 
		}
	}
	members={
		1111 1112 1113 1114 1115 1116 1117 1118 1120 1121 1122 1123 1124 1131 1134 1911 2237 2238 2239 2240 2241 2243 2244 2245 2246 2247 2248 2249 2250 2259 2260 2261 2829 2830 2842 2843 2844 2848 2849 2850 2851 2852 2853 2854 2855 2857 2859 2860 2861 2862 2863 2865 2866 2867 2868 2869 2870 2871 2872 2873 2874 2875 2876 2877 2878 2879 2881 2882 2888 2889 2892 3754 4089 4090 4091 4092 4093 4094 4095 4096 4215 4216 4217 4218 4219 4220 4221 4226 4232 4235 4236 1468 
	}
}
katsina={
	location=1149
	color={
		215 56 56 
	}
	inland=yes
	outgoing={
		name="timbuktu"
		path={
			1148 1544 2270 1914 2268 4247 2264 1661 2834 1132 
		}
		control={
			774.000000 164.000000 714.000000 192.000000 661.000000 223.000000 559.000000 211.000000 
		}
	}
	outgoing={
		name="darfur"
		path={
			4251 2280 2283 4252 1157 2287 1159 2932 796 793 786 787 1219 
		}
		control={
			877.000000 153.000000 960.000000 131.000000 1030.000000 125.000000 1176.000000 131.000000 1324.000000 127.000000 
		}
	}
	members={
		745 747 749 750 751 752 756 813 814 815 816 817 818 819 820 821 825 826 827 828 829 830 831 832 834 1095 1125 1135 1136 1137 1138 1140 1142 1143 1144 1145 1146 1148 1149 1150 1152 1153 1154 1155 1157 1159 1160 1161 1162 1249 1544 1664 1665 1802 2002 2025 2252 2253 2254 2255 2256 2263 2265 2266 2267 2270 2278 2279 2280 2281 2283 2285 2286 2287 2289 2291 2292 2293 2295 2803 2811 2812 2813 2845 2846 2847 2891 4228 4229 4230 4231 4233 4234 4237 4245 4246 4250 4251 4252 
	}
}
ganges_delta={
	location=1343
	outgoing={
		name="lahore"
		path={
			2043 3587 553 2098 3181 3605 550 3603 2602 2601 3637 2599 2065 2511 3548 507 
		}
		control={
			3509.000000 419.000000 3452.000000 461.000000 3385.000000 507.000000 3369.000000 531.000000 3258.000000 566.000000 3164.000000 645.000000 3103.000000 687.000000 
		}
	}
	outgoing={
		name="deccan"
		path={
			1342 4043 3213 1948 
		}
		control={
			3423.000000 363.000000 3320.000000 355.000000 3228.000000 327.000000 
		}
	}
	members={
		552 553 555 556 557 558 560 561 562 563 564 565 566 567 568 570 571 573 579 677 2038 2039 2040 2042 2043 2044 2045 2046 2047 2049 2055 2070 2081 2091 2095 2096 2097 2098 2130 2402 2609 2631 2633 2634 2635 2636 2645 2774 2775 2776 2777 2794 2796 2949 3178 3179 3180 3182 3187 3188 3190 3191 3192 3194 3195 3196 3198 3199 3200 3202 3203 3204 3205 3206 3207 3577 3587 3606 3607 3608 3609 3610 3611 3612 3613 3614 3615 3616 3618 3619 3620 3621 3622 3623 3624 3625 3626 3627 3628 3632 3654 3783 4039 1343 
	}
}
lahore={
	location=507
	color={
		63 150 30 
	}
	inland=yes
	outgoing={
		name="kabul"
		path={
			2518 2516 2078 578 2007 2670 451 
		}
		control={
			3005.000000 701.000000 2989.000000 744.000000 2931.000000 763.000000 2883.000000 786.000000 2856.000000 818.000000 
		}
	}
	outgoing={
		name="gujarat"
		path={
			4312 3650 3645 2505 2086 2072 3642 505 2088 3216 504 
		}
		control={
			3002.000000 658.000000 2941.000000 594.000000 2918.800049 537.289978 2885.000000 496.000000 
		}
	}
	outgoing={
		name="tianshan"
		path={
			2075 509 2593 3652 2074 1803 710 715 
		}
		control={
			3039.000000 723.000000 3093.000000 785.000000 3128.000000 811.000000 3208.000000 836.000000 
		}
	}
	outgoing={
		name="deccan"
		path={
			3548 2062 2599 3637 2601 2602 559 740 3781 3597 2092 3779 3580 3228 3229 544 3230 1948 
		}
		control={
			3048.000000 653.000000 3038.000000 579.000000 3049.000000 513.000000 3066.000000 456.000000 3108.000000 403.000000 3144.000000 335.000000 
		}
	}
	members={
		506 507 508 509 510 511 519 520 522 523 524 525 554 1814 1925 2003 2059 2060 2061 2062 2063 2064 2065 2069 2073 2075 2076 2077 2078 2094 2504 2508 2510 2511 2512 2515 2516 2517 2518 2591 2592 2594 2595 2596 2599 2600 2601 2602 2603 2604 2605 2606 2607 2608 2948 3548 3586 3600 3602 3629 3630 3631 3633 3634 3635 3636 3637 3644 3645 3646 3647 3648 3650 4312 
	}
}
tianshan={
	location=715
	inland=yes
	outgoing={
		name="yumen"
		path={
			1787 706 3773 2194 707 
		}
		control={
			3306.000000 868.000000 3412.000000 942.000000 3526.000000 985.000000 3667.000000 1018.000000 
		}
	}
	outgoing={
		name="xian"
		path={
			1787 4000 2134 3193 2673 2703 1484 1493 1494 1495 3335 1497 700 
		}
		control={
			3358.000000 848.000000 3469.000000 881.000000 3557.000000 912.000000 3711.000000 884.000000 3843.000000 864.000000 3966.000000 812.000000 4061.000000 781.000000 
		}
	}
	outgoing={
		name="kabul"
		path={
			710 1803 3776 4063 1785 2005 2227 450 451 
		}
		control={
			3181.000000 845.000000 3090.959961 861.799988 3021.000000 883.000000 2942.000000 870.000000 2859.000000 844.000000 
		}
	}
	outgoing={
		name="samarkand"
		path={
			4135 2125 3827 4063 1785 1204 3768 1968 2494 3480 3481 454 
		}
		control={
			3214.000000 868.000000 3129.000000 893.000000 3049.000000 911.000000 2979.000000 924.000000 2896.000000 953.000000 
		}
	}
	members={
		67 74 84 461 470 477 479 676 706 710 711 712 715 739 1070 1071 1074 1075 1078 1080 1653 1803 1966 2000 2074 2120 2121 2123 2124 2125 2126 2128 2134 2192 2353 2361 2364 2368 2369 2441 2547 2552 2593 3070 3078 3193 3274 3275 3341 3342 3345 3346 3651 3652 3653 3655 3656 3658 3773 3776 3817 3826 3827 3829 3830 3885 3890 3991 3996 4000 4013 4014 4016 4018 4063 4066 4135 4136 4137 
	}
}
samarkand={
	location=454
	inland=yes
	outgoing={
		name="kabul"
		path={
			3481 3480 2493 450 451 
		}
		control={
			2747.000000 903.000000 2774.439941 855.270020 2810.000000 815.000000 
		}
	}
	outgoing={
		name="persia"
		path={
			1201 963 1327 2584 1171 2349 2489 2214 3314 426 
		}
		control={
			2717.000000 927.000000 2593.000000 883.000000 2512.000000 900.000000 2405.000000 906.000000 2329.000000 876.000000 
		}
	}
	outgoing={
		name="crimea"
		path={
			1201 2352 3771 441 2584 4321 4322 2671 4323 439 4324 2559 1797 465 469 917 464 1780 1265 1776 1238 313 1034 1323 1322 
		}
		control={
			2749.000000 955.000000 2664.000000 973.000000 2580.000000 1001.000000 2465.000000 1039.000000 2309.270020 1104.170044 2365.000000 1177.000000 2244.000000 1246.000000 2069.000000 1249.000000 1887.000000 1219.000000 1764.000000 1205.000000 
		}
	}
	members={
		439 440 441 442 443 453 454 455 456 457 458 459 460 465 469 471 472 476 917 918 925 934 963 1197 1199 1200 1201 1202 1203 1205 1327 1797 1798 1886 1967 1970 1973 1981 2127 2351 2352 2359 2362 2366 2367 2370 2420 2478 2485 2495 2523 2528 2559 2671 3347 3481 3770 3771 3774 3775 4009 4028 4321 4322 4323 4324 
	}
}
kabul={
	location=451
	color={
		236 162 19 
	}
	inland=yes
	outgoing={
		name="gulf_of_aden"
		path={
			2015 2225 3968 4314 2560 904 2689 905 3929 3464 1334 3484 2333 1501 1779 1737 389 1736 1331 
		}
		control={
			2810.000000 769.000000 2806.000000 742.000000 2811.000000 710.000000 2797.000000 655.000000 2773.000000 619.000000 2721.000000 582.000000 2725.000000 535.000000 2701.000000 467.000000 2574.000000 402.000000 2469.000000 314.000000 2334.000000 265.000000 2261.000000 225.000000 2212.000000 205.000000 
		}
	}
	outgoing={
		name="persia"
		path={
			1813 2022 2018 1805 3462 2221 1809 1168 2214 3314 426 
		}
		control={
			2767.000000 802.000000 2726.000000 807.000000 2634.000000 823.000000 2540.000000 837.000000 2443.000000 885.000000 2320.000000 849.000000 
		}
	}
	outgoing={
		name="gujarat"
		path={
			2009 960 1008 4308 1007 576 978 624 977 3215 3216 504 
		}
		control={
			2834.000000 787.000000 2846.000000 763.000000 2843.000000 708.000000 2824.000000 650.000000 2835.000000 611.000000 2782.000000 559.000000 2786.000000 500.000000 
		}
	}
	members={
		434 435 438 444 445 446 447 448 449 450 451 452 575 576 577 578 624 659 903 904 905 908 909 910 912 913 915 921 955 959 960 970 972 973 974 976 978 1005 1006 1007 1008 1009 1010 1011 1169 1196 1198 1204 1801 1805 1806 1809 1810 1811 1812 1813 1901 1968 2004 2005 2006 2007 2008 2009 2014 2015 2016 2017 2018 2019 2020 2021 2022 2023 2221 2224 2225 2226 2227 2228 2229 2230 2231 2232 2233 2350 2476 2477 2479 2491 2492 2493 2494 2496 2497 2498 2550 2560 2561 2586 2616 2670 2686 2688 2689 3461 3462 3463 3464 3473 3480 3696 3697 3768 3927 3929 3930 4305 4306 4307 4308 4310 4311 4313 4314 4315 4317 4318 4319 4320 
	}
}
gujarat={
	location=504
	color={
		135 104 85 
	}
	outgoing={
		name="gulf_of_aden"
		path={
			1336 1333 3483 1331 
		}
		control={
			2763.000000 427.000000 2634.000000 324.000000 2479.000000 286.000000 2352.000000 179.000000 2209.000000 166.000000 
		}
	}
	outgoing={
		name="deccan"
		path={
			1337 529 2034 3225 3213 1948 
		}
		control={
			2860.000000 460.000000 2924.000000 440.000000 2990.000000 424.000000 2995.000000 381.000000 3028.000000 324.000000 3077.000000 295.000000 
		}
	}
	members={
		503 504 505 512 513 514 515 516 518 521 977 2051 2052 2053 2054 2058 2066 2067 2068 2072 2079 2086 2087 2088 2500 2501 2502 2503 2505 2506 2507 2513 2597 2598 3214 3215 3216 3217 3218 3219 3220 3222 3591 3592 3593 3594 3599 3601 3617 3638 3639 3640 3641 3642 3643 3782 
	}
}
gulf_of_aden={
	location=1331
	outgoing={
		name="alexandria"
		path={
			387 1735 3470 1329 1328 1688 363 362 358 
		}
		control={
			2065.000000 157.000000 2015.000000 161.000000 2002.000000 229.000000 1950.000000 316.000000 1889.000000 384.000000 1844.000000 486.000000 1757.000000 582.000000 1742.000000 612.000000 1686.000000 617.000000 1627.000000 667.000000 
		}
	}
	outgoing={
		name="aleppo"
		path={
			388 3418 2344 1733 391 1728 1721 1720 1719 1714 1713 2330 1712 1707 1522 1684 1555 1554 1548 3434 1849 377 
		}
		control={
			2108.000000 195.000000 2076.870117 276.239990 2059.000000 332.000000 1997.000000 396.000000 1982.000000 487.000000 1918.000000 574.000000 1907.000000 636.000000 1919.000000 695.000000 1842.000000 724.000000 1835.000000 791.000000 
		}
	}
	outgoing={
		name="persia"
		path={
			3420 2343 1779 1501 2333 3484 1335 412 4060 3479 3307 3474 428 4309 426 
		}
		control={
			2168.340088 189.110001 2144.000000 215.000000 2106.000000 249.000000 2089.000000 296.000000 2082.000000 345.000000 2117.000000 417.000000 2134.000000 470.000000 2174.000000 535.000000 2152.000000 625.000000 2183.000000 685.000000 2190.000000 750.000000 2210.000000 782.000000 2252.000000 803.000000 
		}
	}
	outgoing={
		name="ethiopia"
		path={
			387 1215 2764 2769 1214 1223 3707 2772 
		}
		control={
			1992.000000 125.000000 1918.000000 131.000000 1840.000000 128.000000 
		}
	}
	members={
		384 385 386 387 388 389 390 391 392 393 394 395 396 397 398 399 400 401 402 403 404 1485 1487 1488 1489 1490 1491 1492 1499 1501 1502 1504 1506 1507 1508 1509 1510 1511 1512 1513 1514 1515 1517 1518 1519 1520 1521 1522 1523 1526 1527 1528 1529 1530 1532 1533 1534 1535 1536 1537 1702 1704 1707 1708 1709 1710 1711 1712 1713 1714 1715 1716 1717 1718 1719 1720 1721 1722 1724 1725 1727 1728 1729 1730 1731 1733 1735 1736 1737 1738 1739 1740 1741 2328 2329 2330 2331 2332 2333 2335 2336 2337 2338 2339 2341 2342 2343 2345 2346 2347 3406 3410 3411 3412 3414 3415 3416 3417 3418 3419 3420 3421 3422 3423 3424 4255 4256 2344 1331 
	}
}
aleppo={
	location=377
	color={
		202 150 172 
	}
	outgoing={
		name="persia"
		path={
			1546 2308 1541 3429 1677 3430 885 4299 3309 414 1808 4309 426 
		}
		control={
			1841.000000 848.000000 1904.000000 834.000000 1979.000000 831.000000 2053.000000 844.000000 2129.000000 797.000000 2184.000000 793.000000 2220.000000 836.000000 
		}
	}
	outgoing={
		name="black_sea"
		path={
			3435 332 1241 1923 2300 1846 328 4259 
		}
		control={
			1802.660034 871.140015 1799.000000 901.000000 1805.000000 931.000000 1755.000000 951.000000 
		}
	}
	outgoing={
		name="alexandria"
		path={
			1547 1316 363 362 358 
		}
		control={
			1777.000000 822.000000 1773.000000 778.000000 1752.000000 754.000000 1740.000000 713.000000 1708.000000 678.000000 1672.000000 675.000000 1599.000000 696.000000 
		}
	}
	members={
		364 365 377 378 379 380 381 382 383 405 406 407 408 409 410 411 415 890 891 894 1096 1541 1542 1543 1545 1546 1547 1548 1549 1550 1552 1553 1554 1555 1556 1557 1558 1559 1560 1677 1678 1680 1681 1682 1683 1685 1686 1687 1690 1692 1693 1694 1695 1696 1697 1699 1700 1701 1703 1705 1706 1849 1854 1855 2308 2309 2310 2311 2312 2313 2314 2327 2340 2480 3405 3407 3408 3409 3425 3427 3428 3429 3434 3435 4300 
	}
}
persia={
	location=426
	color={
		204 119 31 
	}
	inland=yes
	outgoing={
		name="black_sea"
		path={
			417 3476 3437 883 416 1165 3316 3439 2306 1987 979 329 3452 1846 328 4259 
		}
		control={
			2236.000000 858.000000 2199.000000 849.000000 2136.000000 893.000000 2058.000000 881.000000 2001.000000 883.000000 1948.000000 921.000000 1884.000000 956.000000 1809.000000 979.000000 
		}
	}
	outgoing={
		name="georgia"
		path={
			417 3476 3477 424 2202 419 423 
		}
		control={
			2237.000000 873.000000 2196.000000 886.000000 2182.000000 922.000000 2148.000000 976.000000 2109.000000 999.000000 
		}
	}
	members={
		412 413 414 416 417 421 424 426 427 428 429 430 431 432 433 436 437 646 882 883 884 885 886 887 888 889 892 896 898 899 900 901 902 906 907 1097 1164 1165 1166 1167 1168 1170 1171 1561 1649 1807 1808 2206 2207 2209 2210 2211 2212 2213 2214 2215 2216 2217 2218 2219 2220 2222 2223 2234 2235 2236 2349 2481 2482 2483 2484 2486 2487 2488 2489 2490 2999 3308 3426 3430 3431 3437 3441 3466 3467 3468 3469 3471 3472 3474 3475 3476 3477 3478 3479 3482 3769 3952 4060 4299 4301 4302 4303 4304 4309 4316 
	}
}
ethiopia={
	location=2772
	inland=yes
	outgoing={
		name="darfur"
		path={
			3709 3719 1216 3728 772 768 783 784 1219 
		}
		control={
			1734.000000 130.000000 1637.000000 98.000000 1528.000000 85.000000 1430.000000 144.000000 
		}
	}
	outgoing={
		name="alexandria"
		path={
			3170 1222 1225 2798 2797 1220 3760 1228 2322 1587 1234 1231 1233 1581 1576 1572 2318 1570 3454 358 
		}
		control={
			1780.949951 167.759995 1777.000000 243.000000 1770.000000 317.000000 1785.000000 386.000000 1745.000000 442.000000 1723.000000 503.000000 1705.000000 528.000000 1639.000000 549.000000 1613.000000 601.000000 1574.000000 657.000000 
		}
	}
	members={
		1206 1208 1209 1210 1211 1212 1213 1214 1215 1217 1223 1224 1226 1227 1230 1524 1525 1565 1580 1592 1593 1594 1595 1596 1607 2024 2622 2652 2653 2655 2656 2657 2658 2659 2660 2661 2662 2663 2664 2667 2668 2669 2672 2757 2758 2759 2760 2761 2762 2763 2764 2765 2766 2767 2768 2769 2770 2771 2772 2773 2786 2787 2788 2789 2790 2791 2792 2793 3170 3295 3707 3708 3709 3710 3711 3712 3713 3714 3715 3718 3722 3723 3725 
	}
}
darfur={
	location=1219
	inland=yes
	outgoing={
		name="timbuktu"
		path={
			787 786 794 795 2288 799 1158 801 2806 2807 2276 2890 2273 2269 2824 3749 2833 2834 1132 
		}
		control={
			1350.000000 178.000000 1258.000000 223.000000 1155.000000 204.000000 1074.000000 226.000000 1039.000000 265.000000 973.000000 284.000000 894.000000 260.000000 775.000000 210.000000 720.000000 213.000000 693.000000 258.000000 589.000000 249.000000 
		}
	}
	outgoing={
		name="alexandria"
		path={
			777 1795 358 
		}
		control={
			1409.000000 203.000000 1456.000000 228.000000 1526.000000 262.000000 1588.000000 347.000000 1646.000000 441.000000 1624.000000 495.000000 1525.000000 575.000000 1541.000000 637.000000 
		}
	}
	members={
		753 754 755 757 758 759 760 761 762 763 764 765 766 768 769 772 773 774 775 776 777 778 779 780 781 782 783 784 785 786 787 790 791 792 793 794 795 796 810 811 1216 1219 1220 1221 1222 1225 2614 2615 2617 2618 2619 2620 2621 2797 2798 2799 2800 2801 2802 2932 3716 3717 3719 3720 3721 3724 3726 3727 3728 3729 3730 3731 3732 3734 3735 3755 3756 3757 3758 3760 3761 
	}
}
alexandria={
	location=358
	color={
		200 200 102 
	}
	outgoing={
		name="black_sea"
		path={
			1315 1932 2298 1848 323 1919 326 4258 3450 4259 
		}
		control={
			1557.000000 704.000000 1612.000000 776.000000 1639.000000 863.000000 1639.000000 906.000000 1661.000000 953.000000 1703.000000 975.000000 
		}
	}
	outgoing={
		name="constantinople"
		path={
			1315 1932 319 3446 1989 4257 317 1320 
		}
		control={
			1514.000000 719.000000 1473.000000 794.000000 1447.000000 876.000000 1410.000000 928.000000 1434.000000 971.000000 
		}
	}
	outgoing={
		name="tunis"
		path={
			2325 1314 1313 1305 341 
		}
		control={
			1472.000000 684.000000 1382.000000 699.000000 1337.000000 720.000000 1275.000000 722.000000 1263.000000 676.000000 1225.000000 647.000000 1086.000000 693.000000 1074.000000 716.000000 974.000000 728.000000 973.000000 800.000000 
		}
	}
	members={
		356 357 358 359 360 361 362 363 1228 1229 1231 1232 1233 1234 1538 1568 1569 1570 1571 1572 1573 1574 1575 1576 1577 1581 1582 1583 1584 1587 1588 1589 1590 1591 1689 2315 2316 2317 2318 2319 2320 2321 2322 2323 2324 2325 2326 2946 3453 3454 3455 3456 3457 3460 3759 3764 3765 3766 3767 3772 3777 3778 4254 
	}
}
black_sea={
	location=4259
	color={
		210 46 28 
	}
	outgoing={
		name="constantinople"
		path={
			325 1321 1320 
		}
		control={
			1659.000000 996.000000 1587.000000 964.000000 
		}
	}
	outgoing={
		name="georgia"
		path={
			1324 2196 367 423 
		}
		control={
			1803.000000 1043.000000 1947.000000 1003.000000 
		}
	}
	outgoing={
		name="crimea"
		path={
			325 1321 1322 
		}
		control={
			1710.000000 1056.000000 1652.000000 1081.000000 
		}
	}
	members={
		316 317 318 319 320 321 322 323 324 325 326 327 328 329 330 331 332 418 501 979 1240 1243 1244 1445 1539 1540 1562 1656 1657 1732 1846 1848 1902 1915 1916 1917 1918 1919 1920 1921 1922 1923 1987 1988 1989 1997 2296 2297 2298 2299 2300 2301 2302 2303 2304 2305 2306 2307 2348 2578 3432 3433 3439 3440 3444 3445 3446 3447 3448 3449 3450 3451 3452 3837 4077 4078 4257 4258 4259 
	}
}
constantinople={
	location=1320
	color={
		126 203 120 
	}
	outgoing={
		name="ragusa"
		path={
			3916 3842 3839 3840 3243 1766 138 1831 137 
		}
		control={
			1464.000000 1016.000000 1386.000000 1043.000000 1314.000000 1073.000000 1244.000000 1083.000000 
		}
	}
	outgoing={
		name="genua"
		path={
			1319 3231 3221 1610 3312 1310 1309 3919 2976 117 1298 
		}
		control={
			1456.000000 998.000000 1371.000000 1009.000000 1316.000000 1002.000000 1241.000000 984.000000 1130.000000 999.000000 992.000000 1027.000000 
		}
	}
	members={
		138 142 143 144 145 146 147 148 149 150 151 159 160 161 163 164 788 789 833 1172 1173 1174 1176 1177 1178 1179 1180 1181 1183 1185 1189 1190 1195 1579 1764 1765 1766 1773 1792 1827 1853 2746 2750 2998 3000 3001 3003 3171 3172 3173 3174 3177 3183 3184 3185 3186 3221 3231 3232 3241 3243 3245 3311 3312 3668 3669 3835 3836 3838 3839 3840 3841 3842 3843 3887 3891 3916 3917 1320 
	}
}
ragusa={
	location=137
	outgoing={
		name="genua"
		path={
			1309 3919 2976 117 1298 
		}
		control={
			1102.000000 1058.000000 1000.000000 1094.000000 934.000000 1084.000000 
		}
	}
	outgoing={
		name="wien"
		path={
			136 1191 1308 1774 3900 1768 3296 76 4007 64 2957 
		}
		control={
			1131.000000 1101.000000 1088.000000 1184.000000 1056.000000 1225.000000 
		}
	}
	outgoing={
		name="krakow"
		path={
			139 3002 3892 3310 3263 4267 3262 3157 1318 3164 3163 262 
		}
		control={
			1191.000000 1141.000000 1225.000000 1195.000000 1243.000000 1281.000000 
		}
	}
	members={
		131 135 136 137 139 140 141 152 153 154 155 156 157 158 162 1175 1186 1187 1188 1191 1192 1193 1194 1318 1767 1772 1800 1826 1828 1831 1864 1951 1952 1953 1954 2856 2864 2880 2950 2951 2952 2960 3002 3157 3158 3159 3160 3161 3162 3163 3164 3165 3166 3167 3262 3263 3264 3265 3310 3313 3373 3376 3377 3888 3889 3892 3893 3894 4267 4271 
	}
}
georgia={
	location=423
	inland=yes
	outgoing={
		name="crimea"
		path={
			367 2196 1324 1322 
		}
		control={
			2031.000000 1031.000000 1928.000000 1078.000000 1850.000000 1130.000000 1769.000000 1124.000000 
		}
	}
	members={
		367 419 420 422 423 425 462 463 879 880 881 1035 1036 1037 1038 1039 1670 1676 1691 1698 1723 1726 1782 1783 1856 2195 2196 2197 2198 2199 2201 2202 2203 2204 2205 2208 2414 2416 2417 2542 3436 3438 3442 3443 3660 4260 4261 4262 4263 4264 
	}
}
crimea={
	location=1322
	color={
		59 158 125 
	}
	outgoing={
		name="krakow"
		path={
			1756 3667 3292 2952 3164 3163 262 
		}
		control={
			1546.969971 1147.819946 1496.000000 1195.000000 1424.000000 1257.000000 1343.000000 1293.000000 1300.000000 1289.000000 
		}
	}
	outgoing={
		name="kiev"
		path={
			282 1498 1462 3677 280 
		}
		control={
			1603.000000 1190.000000 1564.000000 1265.000000 
		}
	}
	outgoing={
		name="novgorod"
		path={
			282 1498 1944 1633 2407 289 1629 292 3911 4275 771 877 2965 876 875 310 33 
		}
		control={
			1645.000000 1198.000000 1656.060059 1271.660034 1729.000000 1395.000000 1684.000000 1515.000000 1663.000000 1626.000000 
		}
	}
	outgoing={
		name="kazan"
		path={
			1323 286 2413 4295 11 1443 4069 2430 2425 1906 3289 1081 3395 3401 3131 1082 
		}
		control={
			1686.000000 1185.000000 1795.000000 1257.000000 1911.000000 1367.000000 2082.060059 1445.810059 2158.000000 1534.000000 
		}
	}
	members={
		11 18 20 21 282 283 284 285 286 287 288 291 303 313 464 466 467 468 474 1034 1073 1238 1239 1265 1382 1433 1442 1443 1634 1635 1636 1637 1638 1639 1640 1641 1652 1666 1667 1668 1776 1777 1780 1781 1887 1955 1971 1974 1992 1993 1994 2365 2406 2409 2410 2411 2412 2413 2415 2418 2425 2430 2436 2439 2445 2447 2546 2554 2953 3102 3103 3104 3661 3848 3854 3859 3903 4067 4069 4295 4296 1322 
	}
}
kiev={
	location=280
	inland=yes
	outgoing={
		name="novgorod"
		path={
			1455 3252 1629 292 3911 4275 771 877 2965 876 875 310 33 
		}
		control={
			1569.000000 1356.000000 1587.000000 1438.000000 1557.000000 1500.000000 1559.000000 1608.000000 
		}
	}
	outgoing={
		name="baltic_sea"
		path={
			4286 3384 1941 3682 276 4276 272 4290 1567 271 1599 1926 
		}
		control={
			1533.000000 1366.000000 1461.000000 1422.000000 1419.000000 1528.000000 1356.000000 1600.000000 
		}
	}
	outgoing={
		name="krakow"
		path={
			1942 1428 2962 4294 1430 2959 4270 262 
		}
		control={
			1484.000000 1327.000000 1363.000000 1348.000000 
		}
	}
	members={
		275 276 278 279 280 289 290 292 293 297 298 299 771 798 877 1419 1421 1422 1423 1424 1426 1428 1431 1444 1454 1455 1460 1462 1498 1609 1626 1627 1628 1629 1630 1631 1632 1633 1642 1643 1644 1645 1646 1647 1672 1675 1679 1734 1897 1937 1941 1942 1944 1945 2407 2408 2975 3252 3253 3379 3381 3383 3384 3673 3674 3677 3679 3680 3681 3682 3844 3852 3855 3879 3905 3907 3911 4273 4274 4275 4276 4284 4285 4286 4288 4289 4291 4292 4293 
	}
}
krakow={
	location=262
	inland=yes
	outgoing={
		name="baltic_sea"
		path={
			3664 3662 1413 1414 2958 1086 42 41 40 1599 1926 
		}
		control={
			1249.310059 1361.119995 1251.000000 1413.000000 1259.000000 1490.000000 1258.670044 1557.300049 
		}
	}
	outgoing={
		name="lubeck"
		path={
			1411 1102 3670 254 1246 2969 50 51 3923 2996 1857 45 
		}
		control={
			1192.000000 1338.000000 1150.000000 1377.000000 1102.000000 1410.000000 1012.000000 1441.000000 
		}
	}
	outgoing={
		name="wien"
		path={
			1999 3863 265 3862 2968 2956 2957 
		}
		control={
			1165.000000 1299.000000 1061.000000 1301.000000 
		}
	}
	members={
		254 255 256 257 258 259 260 261 262 263 264 268 269 277 281 1102 1103 1109 1182 1184 1408 1411 1412 1413 1414 1415 1416 1417 1418 1425 1427 1429 1430 1449 1456 1457 1458 1459 1461 1474 1475 1756 1938 1939 1940 1943 1999 2405 2424 2959 2961 2962 2963 3662 3663 3664 3665 3666 3667 3670 3675 3676 3678 4001 4270 4272 4282 4283 4287 4294 
	}
}
timbuktu={
	location=1132
	inland=yes
	outgoing={
		name="tunis"
		path={
			4222 4223 1130 1794 2904 2938 2901 352 2908 2454 3703 341 
		}
		control={
			537.000000 288.000000 633.000000 290.000000 745.000000 283.000000 871.000000 315.000000 1008.000000 393.000000 1015.000000 536.000000 955.000000 650.000000 913.450012 701.080017 895.000000 786.000000 
		}
	}
	outgoing={
		name="safi"
		path={
			4225 1129 2840 1793 1110 
		}
		control={
			473.000000 302.000000 475.000000 372.000000 466.000000 472.000000 419.000000 569.000000 364.000000 611.000000 301.000000 632.000000 
		}
	}
	members={
		797 799 800 801 802 803 804 805 806 807 808 809 1129 1130 1132 1133 1156 1158 1531 1661 1914 2262 2264 2268 2269 2271 2272 2273 2274 2275 2276 2277 2282 2284 2288 2475 2804 2805 2806 2807 2808 2809 2810 2814 2815 2816 2817 2818 2819 2820 2821 2822 2823 2824 2825 2826 2827 2828 2831 2832 2833 2834 2835 2836 2837 2838 2839 2840 2841 2890 2893 3748 3749 3750 4178 4222 4223 4224 4225 4227 4238 4239 4240 4241 4242 4243 4244 4247 4248 4249 4253 
	}
}
safi={
	location=1110
	color={
		191 110 62 
	}
	outgoing={
		name="nippon"
		path={
			1472 1566 1440 1027 1028 2675 1837 1388 
		}
		control={
			229.000000 634.000000 97.000000 598.000000 5287.549805 644.690002 5132.000000 719.000000 
		}
	}
	outgoing={
		name="sevilla"
		path={
			2918 2917 3706 344 2914 3701 342 1293 
		}
		control={
			274.000000 652.000000 277.000000 688.000000 303.000000 734.000000 348.000000 755.000000 381.000000 792.000000 
		}
	}
	outgoing={
		name="tunis"
		path={
			2919 2922 2466 2923 4080 1794 2904 2938 2901 352 2908 2454 3703 341 
		}
		control={
			311.000000 650.000000 379.000000 675.000000 422.000000 690.000000 490.000000 707.000000 534.000000 742.000000 625.000000 774.000000 724.000000 776.000000 796.000000 788.000000 861.000000 795.000000 
		}
	}
	members={
		334 335 336 337 342 343 344 345 346 347 348 349 366 368 502 1110 1127 1128 1658 1659 1751 1904 1912 1913 2460 2464 2465 2466 2467 2468 2469 2470 2883 2884 2885 2886 2887 2894 2895 2896 2897 2898 2899 2900 2913 2914 2915 2916 2917 2918 2919 2920 2921 2922 2923 2924 2925 2926 2927 3698 3699 3700 3701 3702 3705 3745 3746 3747 3751 3752 3753 4079 4080 4083 4084 4085 4086 4087 4088 4097 4098 
	}
}
tunis={
	location=341
	color={
		146 134 57 
	}
	outgoing={
		name="sevilla"
		path={
			2930 340 2931 1301 1294 1293 
		}
		control={
			869.000000 838.000000 812.000000 834.000000 733.000000 854.000000 635.000000 845.000000 565.000000 822.000000 465.000000 807.000000 408.000000 818.000000 
		}
	}
	outgoing={
		name="bordeaux"
		path={
			1302 1300 1296 2753 196 952 2539 2537 1276 
		}
		control={
			893.000000 866.000000 748.000000 909.000000 643.000000 982.000000 568.000000 1019.000000 525.000000 1063.000000 
		}
	}
	outgoing={
		name="genua"
		path={
			1302 2986 127 1298 
		}
		control={
			930.000000 907.000000 889.719971 957.250000 892.000000 1036.000000 
		}
	}
	members={
		338 339 340 341 350 351 352 353 354 355 1606 1882 2448 2449 2450 2451 2452 2453 2454 2455 2456 2457 2458 2459 2461 2462 2463 2472 2473 2474 2901 2902 2903 2904 2905 2906 2907 2908 2909 2910 2911 2912 2928 2929 2930 2931 2933 2934 2935 2936 2937 2938 2939 2940 2941 2942 2943 2944 2945 2947 2954 3703 3704 3733 3736 3737 3738 3739 3740 3741 3742 3744 4081 4082 
	}
}
sevilla={
	location=1293
	color={
		57 160 101 
	}
	outgoing={
		name="nippon"
		path={
			1292 1566 1440 1027 1028 2675 1837 1388 
		}
		control={
			281.000000 852.000000 53.000000 863.000000 5273.000000 836.000000 5126.000000 830.000000 5062.000000 850.000000 
		}
	}
	outgoing={
		name="bordeaux"
		path={
			224 3291 210 209 1276 
		}
		control={
			385.000000 875.000000 364.000000 931.000000 369.000000 1001.000000 411.000000 1062.000000 465.000000 1081.000000 
		}
	}
	outgoing={
		name="genua"
		path={
			1294 1301 1300 1298 
		}
		control={
			402.000000 851.000000 505.000000 876.000000 594.000000 915.000000 686.000000 958.000000 790.000000 1033.000000 
		}
	}
	members={
		197 206 207 208 209 210 211 212 213 214 215 216 217 218 219 220 221 222 223 224 225 226 227 228 229 230 231 232 333 895 897 919 926 929 931 932 937 938 939 941 956 962 1745 1746 1747 1748 1749 1750 1851 2514 2520 2524 2525 2531 2535 2536 2538 2544 2558 2639 2751 2754 2755 2987 2988 2989 2990 3287 3683 3684 3685 3686 3687 3688 3689 3690 3691 3692 3693 3694 3695 3924 3925 3926 1293 
	}
}
nippon={
	location=1388
	outgoing={
		name="beijing"
		path={
			1377 3005 733 1375 4120 2612 690 
		}
		control={
			4885.000000 876.000000 4765.000000 767.000000 4643.000000 791.000000 
		}
	}
	outgoing={
		name="bordeaux"
		path={
			1980 1464 3268 3362 1563 1290 1278 1276 
		}
		control={
			5054.000000 918.000000 5187.000000 1012.000000 5334.000000 1015.000000 5510.689941 1156.069946 370.000000 1161.000000 
		}
	}
	outgoing={
		name="english_channel"
		path={
			3363 1386 3031 1385 1479 1287 2569 3516 2567 1284 
		}
		control={
			5025.000000 940.000000 5104.000000 1042.000000 5215.000000 1135.000000 5310.000000 1161.000000 5533.419922 1253.339966 283.000000 1322.000000 334.000000 1439.000000 
		}
	}
	members={
		1012 1014 1015 1017 1018 1019 1020 1021 1023 1024 1025 1026 1027 1028 1029 1030 1031 1464 1818 1819 1820 1825 1830 1832 1835 1837 1839 1843 1847 1852 2675 2858 3004 3268 3317 3318 3319 3320 3321 3322 3323 3324 3325 3326 3327 3328 3329 3330 3491 3496 3497 3544 3786 3787 3788 3949 3950 4023 4055 4150 4167 1388 
	}
}
bordeaux={
	location=1276
	color={
		36 132 247 
	}
	outgoing={
		name="english_channel"
		path={
			1275 1274 1285 1284 
		}
		control={
			484.000000 1144.000000 468.000000 1199.000000 391.000000 1254.000000 359.000000 1309.000000 413.000000 1419.000000 
		}
	}
	outgoing={
		name="lowlands"
		path={
			3248 180 927 3913 3525 183 182 88 90 1269 
		}
		control={
			511.000000 1155.000000 551.000000 1213.000000 618.000000 1253.000000 666.000000 1326.000000 690.000000 1388.000000 
		}
	}
	outgoing={
		name="genua"
		path={
			174 194 3249 198 950 200 201 3833 1298 
		}
		control={
			557.000000 1113.000000 637.000000 1115.000000 699.000000 1096.000000 754.000000 1108.000000 790.000000 1087.000000 
		}
	}
	outgoing={
		name="wien"
		path={
			3248 180 927 190 923 192 193 1880 72 3850 1872 2955 2957 
		}
		control={
			550.000000 1145.000000 645.000000 1168.000000 751.000000 1213.000000 884.000000 1249.000000 924.000000 1248.000000 
		}
	}
	members={
		87 88 89 167 168 169 170 171 172 173 174 175 176 177 178 179 180 181 182 183 184 185 186 187 188 189 190 191 192 193 194 195 196 198 199 200 201 202 203 204 205 893 920 922 923 924 927 928 930 933 935 936 949 950 952 953 957 1743 1877 1879 2011 2526 2527 2529 2532 2537 2539 2753 2991 3248 3249 3521 3522 3523 3524 3525 3526 3527 3528 3529 3831 3832 3833 3834 3856 3901 3913 3914 1276 
	}
}
english_channel={
	location=1284
	color={
		220 138 57 
	}
	outgoing={
		name="north_sea"
		path={
			247 246 1279 1975 1268 2580 1267 
		}
		control={
			435.000000 1499.000000 501.000000 1520.000000 618.000000 1530.000000 754.000000 1592.000000 856.000000 1598.000000 
		}
	}
	outgoing={
		name="lowlands"
		path={
			3512 3922 3504 1270 1269 
		}
		control={
			463.000000 1458.000000 525.000000 1462.000000 561.000000 1450.000000 651.000000 1459.000000 
		}
	}
	members={
		233 234 235 236 237 238 239 240 241 242 243 244 245 246 247 248 249 250 251 252 253 369 372 373 374 375 376 916 942 943 946 947 948 954 958 961 964 965 966 967 968 969 971 983 984 985 1860 1861 2010 2013 2555 2556 2557 2563 2564 2565 2566 2567 2568 2569 2570 3247 3255 3256 3257 3258 3267 3498 3499 3500 3501 3503 3504 3505 3506 3507 3508 3509 3510 3511 3512 3513 3514 3515 3516 3517 3922 1284 
	}
}
lowlands={
	location=1269
	color={
		193 26 14 
	}
	outgoing={
		name="lubeck"
		path={
			3519 1931 55 1874 1263 44 1857 45 
		}
		control={
			783.000000 1425.000000 855.000000 1431.000000 
		}
	}
	outgoing={
		name="wien"
		path={
			99 86 2972 2738 2737 3880 66 1757 2957 
		}
		control={
			762.000000 1383.000000 843.000000 1330.000000 900.000000 1307.000000 
		}
	}
	members={
		69 90 91 92 93 94 95 96 97 98 99 100 371 940 982 1744 1865 1866 1878 2571 2572 2974 3518 3519 3520 1269 
	}
}
north_sea={
	location=1267
	color={
		117 165 188 
	}
	outgoing={
		name="lubeck"
		path={
			1259 990 3279 3286 13 2582 1775 45 
		}
		control={
			941.000000 1567.000000 921.000000 1500.000000 
		}
	}
	outgoing={
		name="baltic_sea"
		path={
			16 3301 1000 5 4 2587 945 2522 1928 1926 
		}
		control={
			982.000000 1660.000000 1066.000000 1674.000000 1180.000000 1682.000000 
		}
	}
	members={
		1 2 3 4 5 6 7 8 9 10 12 13 14 15 16 17 22 23 24 25 26 481 482 483 484 485 486 487 488 489 490 491 492 493 494 495 496 497 498 499 500 835 911 914 944 945 975 980 981 987 988 989 990 991 992 993 994 995 996 997 998 999 1000 1001 1002 1003 1004 1104 1105 1804 1881 1930 1978 1979 1982 1983 1984 1985 2012 2521 2522 2574 2575 2576 2577 2579 2580 2581 2583 2585 2587 2588 2589 2590 2752 3279 3280 3281 3282 3286 3300 3301 3302 3303 4027 4029 4034 4035 4278 4279 4280 4281 1267 
	}
}
baltic_sea={
	location=1926
	color={
		8 82 165 
	}
	outgoing={
		name="novgorod"
		path={
			1254 33 
		}
		control={
			1459.000000 1694.000000 
		}
	}
	members={
		19 27 28 29 30 31 32 35 36 37 38 39 40 41 42 43 270 271 272 273 767 770 836 837 838 839 840 841 842 843 844 845 846 847 848 856 857 858 863 1084 1086 1087 1090 1092 1107 1420 1564 1567 1578 1598 1599 1600 1601 1602 1603 1604 1605 1608 1834 1841 1842 1859 1935 1936 2958 2997 3260 3261 3378 3671 3672 3858 4290 1926 
	}
}
beijing={
	location=690
	outgoing={
		name="xian"
		path={
			2140 2141 2242 688 1907 1908 1500 700 
		}
		control={
			4463.000000 813.000000 4376.000000 770.000000 4300.000000 782.000000 
		}
	}
	members={
		572 599 617 637 651 652 682 685 686 687 688 690 691 692 694 695 696 744 746 748 812 822 1089 1091 1441 1619 1816 1821 1822 1836 1838 1907 1909 1910 2133 2136 2137 2138 2139 2140 2141 2142 2143 2144 2145 2171 2172 2175 2176 2177 2178 2242 2257 2258 2290 2294 2394 2549 2551 2612 2613 2623 2624 2625 2628 2629 2638 2641 2642 2756 2778 2779 2780 2783 2784 2785 3156 3331 3332 3333 3334 4010 4030 4040 4041 4062 4099 4100 4113 4115 4116 4120 
	}
}
xian={
	location=700
	inland=yes
	outgoing={
		name="yumen"
		path={
			1496 1467 1480 699 2001 1484 2703 2701 705 2194 707 
		}
		control={
			4152.000000 786.000000 4065.000000 848.000000 3962.000000 889.000000 3896.000000 927.000000 3868.000000 937.000000 3841.000000 991.000000 3784.000000 1012.000000 
		}
	}
	members={
		678 681 689 693 698 699 700 705 824 1085 1126 1147 1151 1163 1207 1359 1362 1363 1398 1399 1447 1465 1466 1467 1480 1481 1482 1483 1484 1486 1493 1494 1495 1496 1497 1500 1516 1551 1622 1908 2001 2169 2170 2179 2180 2181 2182 2183 2184 2562 2640 2643 2647 2648 2649 2650 2651 2654 2665 2666 2673 2701 2703 3066 3067 3335 3348 3992 3998 4005 4008 4011 4031 4038 4049 4102 4103 4104 4105 4119 
	}
}
yumen={
	location=707
	inland=yes
	outgoing={
		name="kazan"
		path={
			3819 2534 3817 1784 3073 1965 2421 3107 3401 3131 1082 
		}
		control={
			3710.000000 1027.000000 3660.000000 1091.000000 3594.000000 1149.000000 3527.000000 1236.000000 3383.000000 1284.000000 3296.000000 1323.000000 3051.000000 1416.000000 2712.000000 1518.000000 2377.000000 1589.000000 
		}
	}
	members={
		480 707 708 713 714 716 718 1045 1055 1056 1057 1060 1062 1063 1064 1065 1066 1068 1106 1654 1969 2117 2118 2119 2122 2185 2189 2190 2191 2193 2354 2356 2358 2363 2431 2433 2434 2437 2443 2446 2530 2533 2534 2543 2548 2731 3061 3068 3071 3077 3079 3080 3082 3083 3084 3086 3087 3088 3089 3090 3091 3092 3094 3273 3343 3344 3357 3359 3762 3763 3799 3805 3815 3816 3818 3819 3820 3821 3825 3847 4012 4020 4021 4022 4024 4025 4032 4042 4051 4058 4059 4061 4068 4070 4071 4189 
	}
}
kazan={
	location=1082
	inland=yes
	outgoing={
		name="novgorod"
		path={
			3849 3132 306 3391 1956 1236 878 3386 1959 1752 4298 3881 310 33 
		}
		control={
			2104.000000 1592.000000 2003.000000 1626.000000 1916.000000 1645.000000 1809.000000 1705.000000 1682.000000 1700.000000 
		}
	}
	members={
		305 473 475 1032 1077 1079 1082 1083 1251 1252 1262 1503 1662 1755 1883 1884 1885 1895 1905 1962 1963 1964 1965 1972 2419 2421 2422 2444 2981 3105 3106 3107 3108 3109 3110 3111 3112 3113 3114 3115 3116 3117 3118 3119 3120 3121 3122 3123 3124 3125 3126 3127 3128 3129 3130 3131 3133 3134 3135 3142 3143 3145 3146 3147 3148 3149 3153 3266 3277 3290 3393 3394 3401 3402 3403 3404 3846 3849 3860 3861 3864 3875 3876 3896 3902 4064 4065 4297 
	}
}
wien={
	location=2957
	color={
		220 220 220 
	}
	inland=yes
	outgoing={
		name="genua"
		path={
			64 65 73 3297 107 1862 105 101 1298 
		}
		control={
			962.000000 1234.000000 953.000000 1181.000000 889.000000 1141.000000 
		}
	}
	outgoing={
		name="lubeck"
		path={
			1757 66 3880 2737 2735 57 1758 53 1857 45 
		}
		control={
			976.750000 1313.520020 974.000000 1359.000000 943.000000 1399.000000 
		}
	}
	members={
		64 65 66 68 70 71 72 73 75 76 77 78 79 110 128 129 132 133 134 165 166 265 266 267 315 951 1098 1242 1757 1761 1768 1769 1770 1771 1863 1867 1868 1869 1870 1871 1872 1873 1880 1990 1991 2734 2955 2956 2957 2967 2968 2970 3374 3850 3851 3857 3862 3863 3895 3897 3898 3899 3984 3986 3988 3997 4002 4003 4004 4006 4007 4268 4269 
	}
}
deccan={
	location=1948
	color={
		241 13 61 
	}
	inland=yes
	members={
		517 526 527 528 529 542 544 545 546 547 548 549 550 551 559 740 1948 2028 2034 2036 2037 2048 2050 2056 2057 2080 2082 2084 2089 2092 2093 2509 3181 3208 3223 3224 3225 3226 3227 3228 3229 3230 3233 3234 3235 3236 3237 3238 3239 3240 3242 3244 3246 3270 3271 3272 3567 3569 3570 3571 3572 3574 3575 3576 3578 3579 3580 3581 3582 3583 3584 3585 3588 3589 3590 3595 3596 3597 3598 3603 3604 3605 3649 3743 3779 3780 3781 3784 4037 
	}
	end=yes
}
genua={
	location=1298
	color={
		218 215 56 
	}
	members={
		101 102 103 104 105 106 107 108 109 111 112 113 114 115 116 117 118 119 120 121 122 123 124 125 126 127 130 1247 1774 1862 1875 1933 1934 2976 2977 2978 2979 2980 2982 2983 2984 2985 2986 2992 3168 3169 3175 3176 3865 3866 3867 3868 3869 3870 3871 3872 3873 3874 3877 3918 3919 3920 3921 1298 
	}
	end=yes
}
lubeck={
	location=45
	color={
		190 70 70 
	}
	members={
		44 45 46 47 48 49 50 51 52 53 54 55 56 57 58 59 60 61 62 63 80 81 82 83 85 86 370 986 1072 1108 1246 1263 1264 1406 1758 1759 1762 1763 1775 1857 1858 1874 1876 1931 1986 2426 2582 2726 2727 2728 2730 2732 2733 2735 2737 2738 2739 2964 2966 2969 2971 2972 2973 2993 2994 2995 2996 3278 3375 3880 3882 3883 3884 3923 4148 
	}
	end=yes
}
novgorod={
	location=33
	color={
		97 126 37 
	}
	members={
		33 34 274 294 295 296 300 301 302 304 306 307 308 309 310 311 312 314 741 742 743 849 850 851 852 853 854 855 859 860 861 862 864 865 866 867 868 869 870 871 872 873 874 875 876 878 1081 1236 1237 1260 1432 1625 1655 1669 1671 1752 1753 1754 1760 1778 1791 1888 1890 1893 1894 1906 1956 1957 1958 1959 1960 1961 1977 2423 2440 2540 2573 2720 2749 2965 3132 3136 3137 3138 3139 3140 3141 3144 3150 3151 3152 3154 3155 3250 3251 3254 3259 3276 3284 3285 3288 3289 3380 3382 3385 3386 3387 3388 3389 3390 3391 3392 3395 3396 3397 3398 3399 3400 3845 3853 3878 3881 3886 3904 3906 3908 3909 3910 3912 3915 4265 4266 4277 4298 
	}
	end=yes
}
