	grasslands = {
		color = { 90 235 27 }

		type = plains
		sound_type = plains

		#movement_cost = 1.0
		#supply_limit = 8
		#allowed_num_of_buildings = 1
		#nation_designer_cost_multiplier = 1
		#local_institution_spread = 0.05

		movement_cost = 1
		local_development_cost = 0.05
		
		terrain_override = {
			1114 2239 4216 2859 2860 2862 4217 2765 3711 1215 1595 1212 2954 2473 341 2455 1882 334 337 338 339 342 343 2461 2469 2914 3699 3700 3701 4082 1717 1735 2331 2346 3415 3416 400 3423 3424 394 1533 1534 1535 402 1547 2313 3435 377 1849 1549 1546 1096 407 409 411 412 415 889 891 1541 1542 1550 1557 1558 1559 1560 1677 1678 2308 2309 2311 2481 3429 3430 317 318 321 326 328 1846 1916 1919 1989 2296 2297 2304 3446 3451 4077 4257 4258 421 880 440 1205 1200 1970 454 1749 224 3685 230 229 931 3287 3924 227 1747 218 956 962 929 2520 1851 2751 897 2988 213 214 209 3689 3690 215 219 2535 937 174 175 178 180 3248 3523 3524 13 15 47 53 54 55 99 119 122 123 130 990 993 1263 1858 1874 1931 1933 2012 2571 2582 2583 2728 2730 2985 2994 2996 3278 3279 3286 3518 234 235 244 947 965 967 1861 2556 3508 3511 3512 3513 952 3249 196 201 3833 87 88 89 167 177 1879 922 191 3529 923 91 92 2572 85 69 3527 186 77 71 315 1991 2971 373 3258 2570 3517 248 943 131 135 146 148 152 155 157 162 833 1172 1173 1182 1183 1194 1318 1767 1864 1953 1954 3157 3159 3160 3171 3174 3177 3186 3231 3232 3245 3310 3376 3841 3842 3889 3916 4267 3311 3891 788 4271 1086 1412 256 1084 62 58 59 1859 1425 2962 3676 1418 1417 1567 1598 3667 2405 1458 3666 1456 281 4287 282 1457 1459 1461 1474 1475 1943 4283 283 289 290 1428 1449 1454 1460 1462 1498 1631 1634 1635 1637 1638 1942 1944 1974 2406 3252 3384 4284 4285 4286 30 301 311 741 856 875 1081 1432 1753 1883 1893 1905 1972 2421 2422 3105 3106 3107 3108 3129 3130 3250 3251 3276 3395 3401 3876 4064 1431 1426 279 278 1601 1834 1602 1842 1629 3381 1630 4288 4289 293 1421 3673 1422 1897 300 3904 864 475 3110 3254 878 308 4265 294 3386 1669 1977 3858 2199 1039 1670 4262 2416 2542 2195 4261 2447 287 1034 464 917 291 299 1639 1640 1642 1671 1672 1679 1734 2408 3392 3844 3859 14 6 26 1004 3300 4035 4281 19 27 28 836 837 838 839 843 844 914 2 2574 3 7 517 527 529 532 540 543 549 552 569 2030 2033 2084 2089 3555 3556 3566 3567 4037 4043 516 518 524 525 526 558 2045 2047 2056 2061 2093 2094 2504 2602 2608 2796 3224 3590 3598 3599 3601 3602 3609 3623 3625 3626 3628 3631 3636 3637 3782 2046 3611 3615 2511 3600 3650 3647 2516 3597 2057 3781 2775 2039 3612 564 504 3591 3592 582 585 2396 2397 2712 2718 3541 3937 593 603 1357 1358 1360 1361 1410 1448 2383 2385 2386 2388 2390 2391 2693 2695 3970 3971 3973 1352 1353 1450 1463 672 748 812 1147 1207 2172 2393 2782 4041 4105 4110 4151 652 682 683 692 738 744 746 2133 2141 2143 2144 2175 2242 2519 2674 2740 4030 4033 4040 4113 704 2137 2138 2624 2628 2756 2778 2779 3332 2163 4131 3954 4130 644 4049 1495 3335 4008 726 727 731 1850 2106 2107 2111 2186 2360 2744 3005 3009 3011 3013 3014 3018 3020 3021 3022 3023 3026 3039 3045 3049 3789 3791 3800 3983 4026 4076 4101 4122 4125 4127 1027 1847 1852 2858 3004 3268 3330 3491 3544 3786 4055 3847 2119 2118 4051 3273 1060 3811 2355 3802 3337 2110 3041 3044 2188 3028 3029 3069 1053 4019 3040
		}
	}